112201826
112809150
119748208
120882468
120927336
121409529
123524345
135874284
139487362
139567872
140037154
140065515
140208780
140835402
141728212
146060428
153533160
157284275
161821344
162511006
163113846
172660751
174342664
176112902
176760089
177238730
177375775
184601471
185213088
186244355
186857697
187896035
188807380
192507596
192574691
192934724
194016923
194482546
196948751
197005759
199385846
199504372
199649904
201312590
201905635
204980287
205701558
206867314
209343511
209590054
209668748
210014058
211179630
216054964
216596650
216617041
218114112
218962581
219174306
221884946
222197283
224102951
225782189
227528020
228969860
230227720
231945503
232057079
232206870
232218771
232253842
233049709
235245471
238581555
240054082
240820871
241623993
243615851
244877044
247854984
248511650
252020730
253219982
254466092
256050846
257642017
259797138
260366689
266876817
267257747